key,0,1,2,3,4,5,6,7,8
#,Name,,,,StartsWithVowel,,,,Description
int32,str,sbyte,str,sbyte,sbyte,sbyte,sbyte,sbyte,str
0,0,0,0,0,0,1,0,0,
1,ドードー,0,0,0,0,1,0,0,マズラヤ島を原産地とする飛翔力のない大型鳥。丸々としており胸肉は特に美味。採卵のためにキキルン族が大陸に持ち込み、今ではエオルゼアの諸都市でも広く飼養されている。防衛のため口から催眠性の分泌物を噴出する。
2,トンベリ,0,0,0,0,1,0,0,第五星暦時代に栄えた「ニーム」文明の遺跡内に棲む謎多き民。人のように衣服を着用し、道具も器用に扱うことから知性は高いと思われる。ニーム時代の石板には、「病魔の運び手」などの不吉な記述が見られるという。
3,サボテンダー,0,0,0,0,1,0,0,乾燥地帯に生息する移動性のサボテン。体内に水分を溜め込むことで、長期間の乾燥に耐えることで知られる。また、過酷な環境を生き残るため、捕食者と認めた相手には幹内に潜む針を発射。積極的な防衛行動をとる。
4,スプリガン,0,0,0,0,1,0,0,岩場や鉱山に出没する漆黒の魔物。常に貴石を大切に持ち歩いているため｢財宝の守護者｣と呼ばれ、採掘師に敬われている。呪具綱とされる理由は｢彼らは石に操られているに過ぎない｣とする古典『百石大鑑』の分類による。
5,プリン,0,0,0,0,1,0,0,異界ヴォイドの汚水がたまる沼地で生まれた異形の魔物。獲物をおびき寄せるために人の声色をまねることがあるが、知性は低い。妖異学者たちの分類でも、妖異十二階位の第十位とされており、下級の妖異といえるだろう。
6,ボム,0,0,0,0,1,0,0,妖異十二階位の第十一位にあたる火球状のガス生命体。人間を含む油脂分を有する動植物を見つけると、自身の燃料とするために見境なく襲いかかる。より高温の者は「グレネード」と呼ばれ、階位も第十位に位置付けられる。
7,マンドラゴラ,0,0,0,0,1,0,0,第七霊災後に、忽然と姿を現した植物状生物。どこからやって来たのか、さっぱり解らない。どうやら知性らしきものがあるらしく、言語によらないコミュニケーション手段を持つらしいが、まだ研究の途上で詳細は不明である。
8,コブラン,0,0,0,0,1,0,0,自らの殻を形成する鉱石を求めて這い回る奇妙な魔物。身を守るため背に鉱石を植え付けた動物とするグリダニアの学者と、増殖のために動物の器官を取り込んだ鉱石とするウルダハの学者とで、その解釈は分かれている。
9,モルボル,0,0,0,0,1,0,0,巻きひげを使って這い回る移動性の大型食獣植物。獲物を誘引するため、また気絶させるために強烈な甘い香りを捕食器官から放つ。多数の牙状の棘は、獲物を噛み砕くためではなく消化しきるまで捕らえておくためにある。
10,クァール,0,0,0,0,1,0,0,類を見ない獰猛さで恐れられる四脚肉食獣。自在に動かすことができる二本の触角から、電撃を放ち獲物を麻痺させて捕食する。原産は近東地域。エオルゼアに生息するものは、戦闘用に持ち込まれた個体が野生化したもの。
11,アーリマン,0,0,0,0,1,0,0,動物の眼球を依代にして、物質界に顕現する異界ヴォイド由来の魔物。高い魔力を有しており、空中のエーテルを掻いて浮遊。石化の術にも長けている。なお、妖異学の分類によれば、第四～五位程度の中級の存在とされる。
12,グゥーブー,0,0,0,0,1,0,0,小山のように巨大な二足獣。頭部に生える苔とは共生関係にあり、カモフラージュとする代わりに、乾期には長い手を使って保水を欠かさない。普段は動きが緩慢だが、空腹時には動くものを片っ端からその大口に放り込む。
13,チョコボ,0,0,0,0,1,0,0,逞しい脚で大地を駆ける陸生の大型鳥。エオルゼアでは、古来より駄獣や輓獣、騎乗用途に用いられてきた。クルザスが一大生産地として知られるほか、アバラシア山脈の秘境「チョコボの森」には野生種も多いという。
14,アマルジャ,0,0,0,0,1,0,0,パガルザン草原で羊やトカゲを追いながら暮らす遊牧の民であり、ウルダハの宿敵。幼少より軍事調練を施され、老若男女すべてが優れた兵士である。また炎を操る冶金術に長け、彼らの作り出す武具は高値で取引される。
15,イクサル,0,0,0,0,1,0,0,風の吹き荒ぶ大渓谷に住まう、好戦的な山岳の民。手に残る翼の痕跡は、大空を舞っていた証であり彼らの誇り。嵐神に木々を献じるため、かつて領していた黒衣森を取り戻さんと、グリダニアと激しく対立する。
16,悪い子シルフ,0,0,0,0,1,0,0,黒衣森深くに住まう幽谷の民と呼ばれる小さな獣人。木の葉をまとった人形のような愛らしい姿をしている。優れた幻術の使い手が多いが、その術を用いて旅人を遭難させるなど、度を過ぎた悪戯が深刻な事態を招くことも。
17,コボルド,0,0,0,0,1,0,0,バイルブランド島の山岳地帯に張り巡らせた坑道に住まう、地底の民と呼ばれる獣人。鉱物を地神の賜物とし、その神の法則を見出さんと高度な錬金術を発達させてきた。リムサ・ロミンサと不可侵条約を結んでいたが……。
18,サハギン,0,0,0,0,1,0,0,蒼茫洋を根拠地とする水棲の民。水中でも呼吸することができ、しなやかな四肢を使って優雅に泳ぐ。女王的な立場にある一匹の雌の個体を筆頭とした、ピラミッド状の階級社会を築いている。リムサ・ロミンサの敵性民族。
19,タタル・タル,0,0,0,0,1,0,0,「フンフ　フンフ　フーン。
すーなの　こーやに　おーはなーが　さーいたー」
暁の血盟受付：タタル・タル
20,モーグリ,0,0,0,0,1,0,0,黒衣森に生息する謎めいた種族。魔力に優れ、普段は魔法によって姿を隠して生活している。そのため、魔法の素養に恵まれた者でなければ、見つけることは難しい。歌と踊りをこよなく愛する民としても知られている。
21,セイレーン,0,0,0,0,1,0,0,美しい歌声で船乗りたちを惑わし、船を難破させる海の魔物。その昔、海賊王「霧髭」によって全滅させられたと言われているが、近年、目撃情報が……。なお、難破船の船員たちは精気を吸い取られ、アンデッドにされるという。
22,オルトロス＆テュポーン,0,0,0,0,1,0,0,呪術士ギルドが行った妖異召喚実験によって、顕現した謎の存在。おそらく異界「ヴォイド」の妖異であろうと考えられているが詳細は不明。オルトロスはコロセウム財団に、テュポーンはゴールドソーサーに就職したらしい。
23,デモンズウォール,0,0,0,0,1,0,0,壁に血で紋様を刻み、命を吹き込んで建造物の守護者と成す、という古代魔法の産物。主を失った今でも、忠実に遺跡を守り続けていることがあり、しばしばそれと知らずに近づいた冒険者が、悲惨な末路を辿ることに……。
24,サキュバス,0,0,0,0,1,0,0,女性の身体を依代にして物質界に顕現する妖異。それゆえ美しく、妖しい女性の容姿を持つ。場合によっては、生前の思考を受け継ぐ場合もあるらしい。なお、妖異十二階位では第三～四位とされる高位の存在だ。
25,キマイラ,0,0,0,0,1,0,0,獅子と山羊、ドラゴンの頭を有す異形の魔物。背にはコウモリの如き翼が生え、尾は蠍のそれを思わせるなど、複数の獣の特徴を併せ持つことから、神々が戯れに創りだしたとも、邪悪な魔道士の研究結果とも言われるが……。
26,ブルードラゴン,0,0,0,0,1,0,0,幻龍ミドガルズオルムと、その子「七大天竜」に連なる種族。優に千年を超える寿命を持つとされ、その長い成長過程で各々が「進化」していく。それゆえ、同じ種族でありながら、まったく異なる形状の個体が無数に存在する。
27,美男のブガージャ,0,0,0,0,1,0,0,「お、お……おお、お……高まってき、た！！」
傭兵：美男のブガージャ
28,モモディ・モディ,0,0,0,0,1,0,0,「……でも、人生相談はお断り。
恋愛相談なら考えてあげてもいいわ。ウフフ」
ラウンジ「クイックサンド」女将：モモディ・モディ
29,十指のバデロン,0,0,0,0,1,0,0,「海豚だって溺れるんだ。いっぱしの冒険者を
目指すんなら　初心だけは忘れねぇこったな」
「溺れた海豚亭」オーナー：十指のバデロン
30,ミューヌ,0,0,0,0,1,0,0,「おいしいお茶とひとときの安らぎ。
カーラインカフェにようこそ」
茶房「カーラインカフェ」マスター：ミューヌ
31,リウィア・サス・ユニウス,0,0,0,0,1,0,0,「グズグズしてると……。殺すわよ」
第XIV軍団分遣隊長：リウィア・サス・ユニウス
32,リットアティン・サス・アルヴィナ,0,0,0,0,1,0,0,「我が名は、リットアティン・サス・アルヴィナ！
ガイウス閣下の盾にして矛なり！」
第XIV軍団陣営隊長：リットアティン・サス・アルヴィナ
33,ビッグス＆ウェッジ,0,0,0,0,1,0,0,「礼は！？」
「助けてくれて、ありがとうッス！！」
ガーロンド・アイアンワークス社：ビッグス／ウェッジ
34,ゲロルト・ブラックソーン,0,0,0,0,1,0,0,「チッ、いいか？
今じゃ、酒場のヤカンを作っちゃいるが……
腐ってもオレは一流の武具職人だ」
放浪の武具職人：ゲロルト・ブラックソーン
35,フリクシオ,0,0,0,0,1,0,0,「息苦しすぎて、ギサールの野菜に
なりそうだったのでぶっち！」
仮宿の長：フリクシオ
36,ミュタミクス,0,0,0,0,1,0,0,「シュコォ……シュコォ……モノにやどりし
ヒトがココロ　マテリア　ひろいて
かがやきはなつ～」
大窯を運ぶ者：ミュタミクス
37,メメルン,0,0,0,0,1,0,0,「メメルン、ちゃりちゃり、大好きっちゃ。
メメルン、みせみせ、広げるっちゃ！」
メメルン交易商店：メメルン
38,ベヒーモス,0,0,0,0,1,0,0,異常に発達した筋肉を有す肉食獣。第七霊災を境に、クルザスの山岳部で目撃情報が相次ぐようになったため、蛮神バハムートの落とし子として「ベヒーモス」と名付けられた。生態については謎も多く、研究が待たれている。
39,ギルガメッシュ＆エンキドゥ,0,0,0,0,1,0,0,「オレは旅の剣豪……その名も、ギルガメッシュ！」
ギルガメッシュ／エンキドゥ
40,イフリート,0,0,0,0,1,0,0,アマルジャ族が呼び降ろした焔の神。非常に獰猛で猛々しい神として知られる存在で、その息は燃え盛り、その爪は鉄を溶かし、その角は天を焦がす。挑みかかる者は、必ずや「地獄の火炎」で焼かれることになるだろう。
41,タイタン,0,0,0,0,1,0,0,コボルド族が呼び降ろした岩の神。温厚な神として知られ、信徒であるコボルド族を我が子のように慈しむ。しかし、ひとたび戦いとなれば様相は一変。大山の如き巨躯を振わせ、「大地の怒り」で地を揺るがす。
42,ガルーダ,0,0,0,0,1,0,0,イクサル族が呼び降ろした嵐の神。軽々と宙を舞う姿は優雅だが、血を好む残忍な性質を持ち、信徒からも「無慈悲な女王」として恐れられている。気性が荒く、怒り狂うと「エリアルブラスト」と呼ばれる爆風を放つ。
43,善王モグル・モグXII世,0,0,0,0,1,0,0,モーグリ族が呼び降ろした伝説の王。「天界から地上へと一族を導いた」というおとぎ話が残る「モーグリ族、最後の王」らしいのだが、どういう理屈か降臨してしまった。「善王」らしく、部下への面倒見がいい。
44,ラヤ・オ・センナ＆ア・ルン・センナ,0,0,0,0,1,0,0,「カヌ・エ・センナは、あたしの姉さまなの。
弟のア・ルン・センナと合わせて、あたしたちは
三重の幻術皇なんて呼ばれてるわ」
三重の幻術皇：ラヤ・オ・センナ／ア・ルン・センナ
45,ゴッドベルト・マンダヴィル,0,0,0,0,1,0,0,「このエオルゼア最強の彫金師……
ゴッドベルトとしたことが、お恥ずかしいかぎり！」
マンダヴィル＆マンダヴィル社代表：ゴッドベルト・マンダヴィル
46,サンクレッド,0,0,0,0,1,0,0,「散々迷惑をかけてきたんだ。たまには、
かっこいいところをみせないとな！」
暁の血盟：サンクレッド
47,ネロ・トル・スカエウァ,0,0,0,0,1,0,0,「オレの魔導技術が上だってこと……。
思い知らせてやンよ、ガーロンド」
第XIV軍団幕僚長：ネロ・トル・スカエウァ
48,パパリモ＆イダ,0,0,0,0,1,0,0,「遅いぞ、イダ！」
「えへへ、よかった無事で」
暁の血盟：パパリモ／イダ
49,ヤ・シュトラ,0,0,0,0,1,0,0,「さあ、やっつけるわよ。
あなたと私の2人で……ね」
暁の血盟：ヤ・シュトラ
50,ウリエンジェ・オギュレ,0,0,0,0,1,0,0,「月明輝けども　必ずや暁迎えん……。
わが友の言葉……。この出会いに感謝を」
暁の血盟：ウリエンジェ・オギュレ
51,アルテマウェポン,0,0,0,0,1,0,0,ガレマール帝国軍第XIV軍団が使用した対蛮神兵器。元は第三星暦時代に、古代アラグ帝国が建造したもので、長らくアラミゴ辺境の山中に埋まっていた。後に帝国軍の手で発掘、修復されることとなる。
52,オーディン,0,0,0,0,1,0,0,「黒衣森」を彷徨い歩く、古の蛮神。いつ誰がこの世に呼び降ろしたのか、その真実を知る者はいない。屈強な愛馬「スレイプニル」に跨がり森を闊歩するのは、倒すべき仇敵を求めてのことだと噂されるが……。
53,ラムウ,0,0,0,0,1,0,0,シルフ族が崇める雷の神。伝承では、古の知識をもつ理知的な「森の古老」として語られている。しかし、厳正なる審判者としての一面も併せ持ち、森の聖域を侵す者には、容赦なく「裁きの雷」を下すという。
54,リヴァイアサン,0,0,0,0,1,0,0,サハギン族が呼び降ろした水の神。暗き深海に潜み、全てを呑み込む恐るべき存在。かつて海に生きる者は、大津波「タイダルウェイブ」をリヴァイアサンの怨念と考え、その怒りを鎮めるため生贄を捧げていたという。
55,シヴァ,0,0,0,0,1,0,0,クルザスの地で呼び降ろされた氷の神。イシュガルド正教の聖典には、ドラゴンと交わった史上初の異端者として、その名が記されている。一方で異端者たちからは、竜との融和を象徴する聖女と崇められているという。
56,ミンフィリア,0,0,0,0,1,0,0,「わたしたちの目的は1つ。神々に愛されし地、
このエオルゼアを救済すること」
暁の血盟盟主：ミンフィリア
57,アシエン・ラハブレア,0,0,0,0,1,0,0,「だから消えてもらうよ……。
そのクリスタルとともに」
闇の使徒：アシエン・ラハブレア
58,シド・ガーロンド,0,0,0,0,1,0,0,「このエンタープライズは、お前たちのような
英雄を、戦場に送るための船だ！」
ガーロンド・アイアンワークス代表：シド・ガーロンド
59,アルフィノ＆アリゼー,0,0,0,0,1,0,0,「お互い目指すところは同じはずだ。
いつの日か、わかり合える日もくるよ」
「そうだといいわね」
アルフィノ・ルヴェユール／アリゼー・ルヴェユール
60,ルイゾワ・ルヴェユール,0,0,0,0,1,0,0,「お前さんは、己が手で道を拓く者。道には
人が集い……人が集えば、その場所が都となる」
賢人：ルイゾワ・ルヴェユール
61,バハムート,0,0,0,0,1,0,0,月の衛星「ダラガブ」に封じられていた古の蛮神。封印を解かれたことで、数千年の長きに渡る眠りから目覚めたバハムートは、「メガフレア」の炎でエオルゼアを焼き尽くし、「第七霊災」を引き起こしたとされている。
62,ヒルディブランド＆ナシュ・マカラッカ,0,0,0,0,1,0,0,「天知る地知る、事件知る、旅の事件屋……。
ヒルディィィィィィィィィブランドゥッ！！」
事件屋：ヒルディブランド／助手：ナシュ・マカラッカ
63,ナナモ・ウル・ナモ,0,0,0,0,1,0,0,「民の知恵、民の勇気、民の笑顔。何より、
民の命こそ、ウルダハの誇る最大の宝なのじゃ」
ウルダハ第十七代国王：ナナモ・ウル・ナモ
64,ガイウス・ヴァン・バエサル,0,0,0,0,1,0,0,「愚かな民が偽りの神にすがるのは何故か？
長が、王が、為政者が弱いからに他ならん！」
第XIV軍団軍団長：ガイウス・ヴァン・バエサル
65,メルウィブ・ブルーフィスウィン,0,0,0,0,1,0,0,「勝利は海に似ている……。天候を知り、
配下を制し、潮流を読んだ者だけが愛される」
黒渦団都督：メルウィブ・ブルーフィスウィン
66,カヌ・エ・センナ,0,0,0,0,1,0,0,「みなさん、時に柳のように、時に樫のように、
耐えるのです。いずれ、きっと、風は私たちに
吹くでしょう」
三重の幻術皇：カヌ・エ・センナ
67,ラウバーン・アルディン,0,0,0,0,1,0,0,「ふははは！　戦場はいい……。
師となる敵が現れる。敵となる味方が見える」
不滅隊局長：ラウバーン・アルディン
68,ウォーリア・オブ・ライト,0,0,0,0,1,0,0,「光が消えることはない！」
伝説の英雄：ウォーリア・オブ・ライト
69,フリオニール,0,0,0,0,1,0,0,「信じる道を突き進む！　それだけだ！」
伝説の英雄：フリオニール
70,オニオンナイト,0,0,0,0,1,0,0,「見かけで判断しないでほしいな?」
伝説の英雄：オニオンナイト
71,セシル・ハーヴィ,0,0,0,0,1,0,0,「言ったはずだ。 僕たちの戦いでもあると！」
伝説の英雄：セシル・ハーヴィ
72,バッツ・クラウザー,0,0,0,0,1,0,0,「親父の遺言なんだ。世界を旅して見てまわれ……
それに……風がよんでる」
伝説の英雄：バッツ・クラウザー
73,ティナ・ブランフォード,0,0,0,0,1,0,0,「大丈夫よ。きっと平和な未来はすぐそこに……」
伝説の英雄：ティナ・ブランフォード
74,クラウド・ストライフ,0,0,0,0,1,0,0,「もう幻想はいらない……。
俺は俺の現実を生きる」
伝説の英雄：クラウド・ストライフ
75,スコール・レオンハート,0,0,0,0,1,0,0,「俺は過去形にされるのはごめんだからな！」
伝説の英雄：スコール・レオンハート
76,ジタン・トライバル,0,0,0,0,1,0,0,「誰かを助けるのに理由がいるかい？」
伝説の英雄：ジタン・トライバル
77,ティーダ,0,0,0,0,1,0,0,「だったら助けに行く！　そんだけッスよ！」
伝説の英雄：ティーダ
78,シャントット,0,0,0,0,1,0,0,「あら！　わたくし、ブチ切れますわよ！」
伝説の英雄：シャントット
79,ヴァン,0,0,0,0,1,0,0,「別に強くなくたってさ。
一緒に来たし、一緒に行くんだ」
伝説の英雄：ヴァン
80,ライトニング,0,0,0,0,1,0,0,「できるできないの問題じゃない。
やるしかなければ、やるだけだ」
伝説の英雄：ライトニング
81,ゲイラキャット,0,0,0,0,1,0,0,コウモリのような翼と、猫のような四肢を有する謎めいた存在。百獣綱に属する魔物と考える博物学者がいる一方、一部の妖異学者は第十一位に位置する下級妖異とする説を採っている。どうやら、それなりに知性があるらしい。
82,バヌバヌ,0,0,0,0,1,0,0,アバラシア雲海の浮島に棲まう先住民。長らく隔絶された土地で暮らしてきたためか、他種族との交流を持ったことがほとんどない。近年、飛空艇を得た地上の民が雲海へと進出してきたことを受けて、警戒心を強めているようだ。
83,グナース,0,0,0,0,1,0,0,高地ドラヴァニアの南部地域を根拠地とする、昆虫にも似た狩猟民。ドラゴン避けの香煙を焚くことで、自領を護り暮らしてきた。王のような個体を中心に、すべての個体が精神を連結させているため、非常に統率がとれている。
84,霧隠のユウギリ,0,0,0,0,1,0,0,「ドマの忍衆、これより義によって
助太刀いたす！」
ドマの忍び：霧隠のユウギリ
85,でぶチョコボ,0,0,0,0,1,0,0,幼鳥の頃から、ひたすらに暴飲暴食を繰り返した結果、信じがたい巨躯を手にしたチョコボ。ゴブリン族に伝わる民話によれば、地底世界では「神の鳥」として崇められているとか、いないとか……。真相は定かではない。
86,グリフィン,0,0,0,0,1,0,0,アバラシア山脈の奥地に棲息する有翼の魔獣。優れた視力で高空から獲物を見つけ、急降下して襲いかかる姿は圧巻。その猛々しい様から、古来より勇猛の象徴とされ、城塞都市「アラミゴ」の紋章の意匠にも選ばれている。
87,ティオマン,0,0,0,0,1,0,0,霊峰「ソーム・アル」の山頂に棲まうとされる大型のドラゴン族。漆黒の鱗を持つことから、イシュガルドの民には「黒竜」の異名で知られ、恐れられる存在である。七大天竜の一翼、邪竜「ニーズヘッグ」の番いと呼ばれることも。
88,エスティニアン,0,0,0,0,1,0,0,「待っていろ、ニーズヘッグ。
必ず貴様の息の根を止めてやる……」
蒼の竜騎士：エスティニアン
89,ルキア,0,0,0,0,1,0,0,「……過去の争いにこだわっていては、未来は
見えないからな」
神殿騎士団コマンド：ルキア
90,イゼル,0,0,0,0,1,0,0,「我らを救い祈るべき神がいないなら、
聖女にこそ、この祈りを捧げよう」
氷の巫女：イゼル
91,ヒルダ,0,0,0,0,1,0,0,「噂の英雄サマってのが、アタシたちに何の用
なのか、話くらい聞いてやろうじゃないか」
抵抗組織のリーダー：ヒルダ
92,マトーヤ,0,0,0,0,1,0,0,「こんな辺ぴな場所まで、世捨て人を
訪ねて来たんだ。どうせ、ろくでもない問題を
持ち込む気だろう？」
隠者：マトーヤ
93,エドモン・ド・フォルタン,0,0,0,0,1,0,0,「歴史ある「フォルタン家」の家名を継ぐ者として、
一同、皆さまの来訪を、心より歓迎しますぞ」
フォルタン家当主：エドモン・ド・フォルタン
94,ビブロス,0,0,0,0,1,0,0,グブラ幻想図書館にて、禁書庫に至る扉を守っていた存在。おそらくシャーレアンの魔道士たちが、異界ヴォイドから召喚した大型妖異であると思われる。盟約によって縛られていたらしく、忠実に守護の役目に就いていた。
95,オルシュファン,0,0,0,0,1,0,0,「…………イイ……すごくイイぞ……！
はぁ、なんてそそる……
鍛え上げられた肉体だ……！」
フォルタン家の騎士：オルシュファン
96,アイメリク,0,0,0,0,1,0,0,「君が、噂の冒険者か。
なるほど、英傑の目をしている」
神殿騎士団総長：アイメリク
97,ラーヴァナ,0,0,0,0,1,0,0,グナース族が呼び降ろした武の神。武を誇り、勇を好む、猛々しくも誇り高き神であり、その気質は豪放。戦いを神聖なものと捉え、変幻自在の月光剣「チャンドラハース」を手に悠然と決闘に臨む。
98,ビスマルク,0,0,0,0,1,0,0,バヌバヌ族が呼び降ろした雲の神。雲海を遊弋する伝説の白鯨として、人々の間にも伝承が伝わる存在である。一方、バヌバヌ族の神話では祖先を浮島に導いた神とされ、「バブルブロウ」で悪を押し流すと語り継がれてきたようだ。
99,ニーズヘッグ,0,0,0,0,1,0,0,幻龍ミドガルズオルムの七つの卵から孵った、七大天竜の一翼。千年以上に渡り続いてきた「竜詩戦争」において、ドラゴン族を率いてきた。これと対するイシュガルドの民にとっては、憎悪と恐怖の対象となっている。
100,ミドガルズオルム,0,0,0,0,1,0,0,「無知なる者よ、わきまえるがよい。
我こそはミドガルズオルム…… 原初の龍なるぞ！」
幻龍ミドガルズオルム
101,ディープアイ,0,0,0,0,1,0,0,巨大な眼球を有する小型妖異。一般に、目を見開いたまま死した生物の眼球を依り代として、発生するとされている。妖異学者の分類によれば、第十二位に位置する下級の存在だが、その眼力と魔力は決して侮れない。
102,アルケオーニス,0,0,0,0,1,0,0,アルデナード小大陸北部に棲息する有翼獣。長らく鳥類と同様に有翼綱に分類されてきたが、近年では古代種の血を引く甲鱗綱とする学説が有力視されている。しばしば、ドラゴン族により操られ、眷属化することがあるようだ。
103,パイッサ,0,0,0,0,1,0,0,アバラシア雲海にて発見された、樽型の身体と大きな目を持つ謎めいた生物。博物学者の間では、オポオポなどの猿に近い存在だとする説が有力視されている。なお、バヌバヌ族は、パイッサを愚か者の象徴と考えているようだ。
104,ダルメル,0,0,0,0,1,0,0,アバラシア雲海の浮島に棲息する百獣綱の草食獣。特徴的な長い首は、隣接する浮島の樹木を食すために発達したものではないかと考えられている。なお、樹木が少ない浮島で生きるためか、縄張りを侵す者には過敏に反応する。
105,バンダースナッチ,0,0,0,0,1,0,0,森林地帯に棲息する百獣綱の肉食獣。チョコボなどの獣を狩る優秀な狩人で、曲刀のような牙で、やすやすと獲物の肉を切り裂く。非常に獰猛な存在で、怒り狂うと見境がなくなり、ドラゴン族に襲いかかることさえある。
106,クロウラー,0,0,0,0,1,0,0,低地ドラヴァニアなどに棲息する大型の百蟲綱。黄色と黒の目立つ体表は、一種の警戒色であり有毒生物であることを示す。その肉を食べることもできるが、適切な処理を行わないと、激しい腹痛を起こすことになる。
107,ポロッゴ,0,0,0,0,1,0,0,シャーレアンの魔道士たちが、トードに魔法をかけて創り出した使い魔。人と会話できるほどの知性を持ち、魔法すら使いこなすことが可能だ。しかし、人との接触がなくなると徐々に理性を失い、野生化してしまうという。
108,ヴェズルフェルニル,0,0,0,0,1,0,0,聖竜フレースヴェルグの血を引く高位のドラゴン族。静寂を好む者が多い聖竜の眷属としては珍しく、力と力のぶつかり合いを好む、猛々しい性格の持ち主。白亜の宮殿を狙う、闇竜ダークスケールとは好敵手の間柄のようだ。
109,クァールレギナ,0,0,0,0,1,0,0,齢を重ねることで、驚くべき魔力を得るに至った雷獣クァールの女王。巨大な角を通じて魔力を大気中に拡散させることで、周囲の天候にすら影響を与えるという。地元猟師たちの間で、伝説の存在として語り継がれてきた。
110,マザーボム,0,0,0,0,1,0,0,コボルド族の錬金術師が創り出した新型ボム。このサイズのボムを造るためには、高圧に耐えられる超硬コバルト製の培養炉を、爆発させる覚悟で圧縮培養しなければならない。そのぶん、通常の十倍以上の火力を持つらしい。
111,ベラドンナ,0,0,0,0,1,0,0,オーン原生林に自生する恐るべき食獣植物。花弁を獣に擬態させることで獲物を誘引し、側に寄ってきたところを捉えて捕食する。聖モシャーヌ植物園における研究結果によると、しばしば人を獲物と認識することがあるという。
112,エキドナ,0,0,0,0,1,0,0,魔航船「ヴォイドアーク」内に封印されていた大型妖異。第五星暦時代に栄えた魔法都市「マハ」において、戦略兵器として使役されていたものらしい。妖異学者たちの見解によれば、高位貴族級の第二位に相当するようだ。
113,ピピン・タルピン,0,0,0,0,1,0,0,「我が義父、ラウバーンは、あなた方を
信頼していた。ゆえに、私も全面的に
あなた方を信頼し、力を貸そう」
不滅隊少闘将：ピピン・タルピン
114,ジュリアン・マンダヴィル,0,0,0,0,1,0,0,「いつも息子と仲良くしてくれて、ありがとうね！
アタシは、ヒルディちゃんの母親のジュリアンよ！」
ジュリアン・マンダヴィル
115,モグリン,0,0,0,0,1,0,0,「だからその間、みんながやりたがらない
面倒なお仕事を、ぜーんぶ、お任せしてみたくぽ！」
雲海のモーグリ族長老：モグリン
116,シャリベル,0,0,0,0,1,0,0,「ンモゥ……これだから、バカは嫌いなのよネェ……。
頭が悪すぎて、すぐキレちゃうんだかラァ……」
蒼天騎士：シャリベル
117,ラウンドロクス,0,0,0,0,1,0,0,「キョジンのなか　キカイがいっぱいあったゴブ！
あんなところに　いっかい　住んでみたいゴブ……」
ゴブリン族の娘：ラウンドロクス
118,セニョール・サボテンダー,0,0,0,0,1,0,0,「陽気で人を楽しませることが好きな
ララフェル族募集。給与厚遇。
勤務地ゴールドソーサー。守秘義務アリ」
マンダヴィル＆マンダヴィル社の求人広告より
119,レグラ・ヴァン・ヒュドルス,0,0,0,0,1,0,0,「エオルゼアの英雄の実力……
見極めさせてもらうぞ！」
第VI軍団軍団長：レグラ・ヴァン・ヒュドルス
120,トールダン7世,0,0,0,0,1,0,0,「我らは、千年の禍根を断とうとしておるのだ。
真の変革のため、この身を犠牲にする覚悟も
できておる」
イシュガルド教皇：トールダン7世
121,オノロワ,0,0,0,0,1,0,0,「ああ、僕はどうしたら……。
この流れ、物凄く悪い予感がするんです、はい」
エマネランの侍従：オノロワ
122,ホーリー・ボルダー＆クルトゥネ,0,0,0,0,1,0,0,「立て、ホーリー・ボルダーッ！」
「……そうだ……私はまだ、
倒れるわけにはいかないッ！」
暁の血盟：ホーリー・ボルダー／クルトゥネ
123,ブラキオレイドス,0,0,0,0,1,0,0,ディアデム諸島にて発見された幻の古代獣。雲海という隔絶された環境にて生き延びていたらしく、既に絶滅したと考えていた博物学者たちを大いに驚かせた。強大な魔力の持ち主で、巨大な岩塊を操って隕石のように降らせる。
124,ダークスケール,0,0,0,0,1,0,0,邪竜ニーズヘッグの血を引くドラゴン。邪竜の眷属の中では高位の存在であり、多数の配下を従える。竜詩戦争に加わろうとしない聖竜の眷属を苦々しく思っており、白竜ヴェズルフェルニルとは事あるごとに衝突してきた。
125,フェンリル,0,0,0,0,1,0,0,異端者たちの頭目、「氷の巫女」ことイゼルが従えていた古狼。ホアハウンドという古代種であり、その冷たい月光を思わせる独特の毛並みと雄々しさから、伝説の幻獣「フェンリル」の名で呼ばれていた。
126,クラーケン,0,0,0,0,1,0,0,数々の船を沈めてきた海の怪物。数十年前、海賊王「霧髭」に敗れて以来、アジトの門番役に従事してきた。その後、島にやってきた冒険者と戦い敗北……海を彷徨っていたところ、マディソン元船長と出会い意気投合したらしい。
127,アーゼマヴァイスジェレント,0,0,0,0,1,0,0,「カルン埋没寺院」の発掘過程で、誤って起動してしまった古代の守護者。同寺院に祀られていた太陽と審理の女神「アーゼマ」の代理人として、盗掘者に死の裁きを降すため、恐ろしい断首刀を両手に持っている。
128,光鱗のモラージャジャ,0,0,0,0,1,0,0,マムージャ族の傭兵団「光鱗戦闘団」の団長兼副団長。西方の新大陸に棲まう獣人種族、マムージャ族の間では、稀に双頭の個体が生まれる。彼らは総じて才覚と肉体に優れるため、指導者や武将として大成することが多い。
129,フェルディア,0,0,0,0,1,0,0,古城アムダプールに現れた妖異。かつて魔法都市「マハ」の黒魔道士たちによって召喚され、その命に従ってアムダプールの攻撃に加わったものの、反撃に遭って長らく封印されていたらしい。階位は、下級貴族級の第三位。
130,カルコブリーナ,0,0,0,0,1,0,0,シャーレアンの魔法施設「逆さの塔」を守護するために創り出された魔法人形。強大な力を付与するために、歴代の魔道士たちが長い時をかけて魔力を注ぎ込んだ結果、不気味な姿に変容を遂げている。
131,クリブ,0,0,0,0,1,0,0,アムダプールの白魔道士たちが造り上げた古都の守護者。ゴーレムの技術を応用して造られており、石像の胸元と両手には心核となる宝石がはめ込まれている。対妖異戦に特化し、複数の白魔法を使いこなす。
132,ティターン,0,0,0,0,1,0,0,第三星暦末期、アラグ帝国の支配に抗うために戦った革命勢力の英雄。アモンによって捕らわれた後、その堅強な肉体を不老不死化の実験材料として利用された。生前の記憶は無きに等しく、クリスタルタワー防衛用の傀儡と化した。
133,アルトアレール・ド・フォルタン,0,0,0,0,1,0,0,「我が名は、アルトアレール・ド・フォルタン。
フォルタン家の長子にして、
誇り高きイシュガルドの騎士だ」
フォルタン家長男：アルトアレール・ド・フォルタン
134,エマネラン・ド・フォルタン,0,0,0,0,1,0,0,「君だけの騎士、エマネランが助けにきたぞ！
オレ様が来たからには、もう安心してくれ！」
フォルタン家次男：エマネラン・ド・フォルタン
135,ザンデ,0,0,0,0,1,0,0,魔科学者アモンによって、永遠の眠りから蘇ったアラグ帝国初代皇帝。ザンデ霊廟に安置されていた遺体を培養し、不老不死化が計られているため肉体が巨大化している。なお、不死化後に、影武者としてクローンが作られたという。
136,ブルートジャスティス,0,0,0,0,1,0,0,機工城を守る謎の合体兵士。防衛参謀オンスローターを中心に、魔道兵ボルテッカー、算術兵スウィンドラー、忍術兵ブラスター、武装兵ブロウラーが合体。主体性に欠ける反面、総統である万能のクイックシンクスには忠実である。
137,セフィロト,0,0,0,0,1,0,0,「三闘神」の一柱。南方大陸メラシディアに棲んでいた樹状種族が崇めていた存在で、世界最初の樹を神格化したものと考えられている。生命を操り、自らを「成長」させて巨大化させ暴れ回る様は、「魔神」の名に相応しい。
138,フ・ラミン,0,0,0,0,1,0,0,「フフ、子供はいつの間にか成長するものね。
小さなアシリアが、あんなに立派になって……」
ウルダハの歌姫：フ・ラミン
139,ヴィゾーヴニル,0,0,0,0,1,0,0,聖竜フレースヴェルグの血を引くドラゴン。かつて人と竜とが蜜月関係にあった時代も知る古き竜であり、聖竜の眷属たちを束ねる長老的存在でもある。美しい翼から「白き翼」の二つ名で呼ばれることも。
140,暗闇の雲,0,0,0,0,1,0,0,異界ヴォイドを統べる魔王のひとり。その実力は計り知れず、妖異十二階位において最高位である「第一位」に位置する。古代アラグ帝国の皇帝「ザンデ」と血の契約を交わし、物質界への侵攻をもくろんでいた。
141,ロロリト・ナナリト,0,0,0,0,1,0,0,「……人や金は、国の柱だ。
国の礎は、堅固な統治にほかならない」
東アルデナード商会会長：ロロリト・ナナリト
142,ジブリオン,0,0,0,0,1,0,0,「上手く酒場を経営する秘訣はな、
無闇やたらに客の話を、他人に漏らさないことさ」
「忘れられた騎士亭」マスター：ジブリオン
143,ラニエット・ド・アインハルト,0,0,0,0,1,0,0,「……すまん、いたのか、気付かなかった。
今、取り込み中だから、少し黙っていてくれないか？」
薔薇騎兵団団長：ラニエット・ド・アインハルト
144,ローズウェン,0,0,0,0,1,0,0,「うちら紅血聖女団は、海賊の伝統ってやつを重んじている。
束縛を嫌い、自由に生きる。これぞ海賊の生き様さ」
紅血聖女団頭領：ローズウェン
145,カルヴァラン・ド・ゴルガニュ,0,0,0,0,1,0,0,「この自由さこそ、私がこの都市を愛し、
「百鬼夜行」の頭領として、生きている理由です」
百鬼夜行頭領：カルヴァラン・ド・ゴルガニュ
146,カル・ミーク,0,0,0,0,1,0,0,「しょうがないから、おともだちになってあげる！
ボクの名前は「カル・ミーク」だよ、よろしくね！」
聖竜の眷属：カル・ミーク
147,ワウッケオン,0,0,0,0,1,0,0,バヌバヌ族の聖域、ネバーリープを棲処とする大物のサヌワ。その鱗は、浮島を潤す恵みの雨のように、しっとりと艶やかに輝いている。もし、鱗を剥がして持ち帰ることができれば、群雲のようなお面を作ることができるだろう。
148,キュレーター,0,0,0,0,1,0,0,博物戦艦「フラクタル・コンティニアム」に配備されていた無人機械。現実拡張システムを用いて、来館者にアラグ脅威の技術の数々を体感させる教育的体感型アトラクションの一部だが、侵入者に対しては防衛兵器としても機能する。
149,霧髭,0,0,0,0,1,0,0,「我こそは、海賊王「霧髭」！
一日限り、海の底より蘇ろうぞ！」
伝説の海賊王：霧髭
150,ウネ＆ドーガ,0,0,0,0,1,0,0,「私たちは、ザンデを止めたい。
それが、オリジナルのウネとドーガから託された使命なんだ」
ノアの一員：ウネ＆ドーガ
151,ティアマット,0,0,0,0,1,0,0,幻龍ミドガルズオルムの七つの卵から孵った、七大天竜の一翼。兄弟である光竜バハムートと南方大陸メラシディアへと渡り、多くの子を成した。アラグに抗うため、死した光竜を蛮神として呼び降ろした事を、今も後悔し続けている。
152,カロフィステリ,0,0,0,0,1,0,0,魔法都市マハのピラミッドにて、妖異との契約の「要」を守護する存在。マハの偉大な大魔道士のひとりであったが、自身の肉体に妖異の血を注入する邪法と、魔力を込めた水晶の力により、自ら永遠の守護者に変異を遂げたという。
153,フレースヴェルグ,0,0,0,0,1,0,0,幻龍ミドガルズオルムの七つの卵から孵った、七大天竜の一翼。かつて、聖女「シヴァ」と種族を超えた愛を育み、人と竜との融和のきっかけを作った。しかし、人と竜との蜜月関係は、後に人の裏切りにより崩れ去ることになる。
154,アプカル,0,0,0,0,1,0,0,バイルブランド島沿岸に棲息する大型海鳥。飛ぶことはできないがヒレと化す翼を用いて、海中を自在に泳いで魚を捕食する。ヒナに魚を持ち帰るため、任意に胃液を調節することで知られるが、危機に際しては吐き出すことも。
155,コリブリ,0,0,0,0,1,0,0,南洋原産の色鮮やかな鳥。花の蜜を吸うために、独特の形状のくちばしを持つに至ったといわれている。光り物に興味を示して、貝などを丸呑みにすることも。また、訓練次第では人語をマネして発話することができるようだ。
156,魔導デスクロー,0,0,0,0,1,0,0,アラグの古代兵器「アイアンクロー」を再設計した魔導兵器。胴体に内包されたツインローターによって空中を浮遊する。かぎ爪状の稼働肢によって、さまざまな物資を運搬できるほか、戦闘時には敵兵を捕縛することも可能。
157,リクイドフレイム,0,0,0,0,1,0,0,シャーレアンの錬金術師が創り出した魔法生物。コボルド族が低級妖異「ボム」の培養を行っていたことを知った錬金術師が、その技術の再現を試みた際に、半ば偶然に誕生した。その後、使い魔として用いられていたらしい。
158,シープ,0,0,0,0,1,0,0,大氷雪時代にハイランダーによって家畜化された羊。より多くの羊毛が得られるよう品種改良が重ねられた結果、綿花のように丸々と毛を蓄えるようになった。ラノシアやクルザスでは、野生化した姿を目にすることもある。
159,レターモーグリ,0,0,0,0,1,0,0,「いつの間にか、旅のミリョクの虜に
なってしまったクポ！
そこでモグは、「配達士」になったクポ！」
配達士：レターモーグリ
160,魔導コロッサス,0,0,0,0,1,0,0,アラグの古代兵器「鉄巨人」の設計と、魔導ヴァンガードで培った機体制御技術を融合させた無人型魔導アーマー。より人型に近いフォルムを実現したことで、武装交換が容易になるなど、格段に汎用性が増している。
161,ストリックス,0,0,0,0,1,0,0,グブラ幻想図書館の最上層に位置する「稀覯書庫」にて、番人を務めていた使い魔。基本的にはスカネテと同様に、魔法によって知恵を与えたフクロウである。しかし、その知識量はすさまじく、高位魔法をも使いこなす。
162,晴嵐のトゾル・ファトトル,0,0,0,0,1,0,0,イクサル族社会に君臨する四つの有力家系「天下りし者」のひとつ、ファトトル家直系の人物。神降ろしの儀式を執り行うことができる、数少ない高位司祭のひとりであり、ゼルファトルにてガルーダ召喚を試みていた。
163,アレキサンダー・プライム,0,0,0,0,1,0,0,機工城「アレキサンダー」の真なるコアを防衛していた「最後の砦」。コアの制御を行う中枢機関の一部でもあるため、限定的ながら時間操作も可能とする。理想郷に仇成す存在には、「聖なる審判」を下すという。
164,気さくな三兄弟,0,0,0,0,1,0,0,「お前さんと出会ったことが俺の自慢になるように
立派な冒険者になっておくれよ！」
気さくな三兄弟：ブレモンダ／ブレモンデ／ブレモンド
165,サンクレッド（蒼天）,0,0,0,0,1,0,0,「削った黒曜石をナイフ代わりに、
魔物を仕留めて肉と皮を手に入れる、
正にサバイバル生活……」
暁の血盟：サンクレッド
166,ヤ・シュトラ（蒼天）,0,0,0,0,1,0,0,「あらゆる戦いを超えて、
マトーヤが求めた「世界の真理」を、
マトーヤよりも遠くまで視るために……」
暁の血盟：ヤ・シュトラ
167,ネール・ヴァン・ダーナス,0,0,0,0,1,0,0,「浄化の時は近い……余の招きし美しき光が、
すべての穢れを焼き尽くさん」
第VII軍団軍団長：ネール・ヴァン・ダーナス
168,ソフィア,0,0,0,0,1,0,0,「三闘神」の一柱。メラシディアに存在した多民族国家において信仰されていた、叡智を司る神らしい。異なる姿形の諸種族をまとめあげるために、「均衡」と「調和」という叡智を人々の心魂に吹き込んだという神話が残る。
169,オポオポ,0,0,0,0,1,0,0,森林地帯に棲息する猿。ボスを中心に数十頭からなるコロニーを築く。長い尾や拇指対向性のある手を使い、普段は巧みに木々の間を移動する。主食の木の実を集めるが、近年は豆の味を覚えてしまい、畑を荒らすことも増えてきた。
170,アダマンタス,0,0,0,0,1,0,0,サベネア島原産の巨大陸亀。第六星暦末期に祝祭用に輸入された「ドードーの卵」の中に、アダマンタスのものが混入。その一部が孵化して野生化してしまった。グリダニアでは、森の一部と認めるべきか、論争が尽きない。
171,魔導ヴァンガード,0,0,0,0,1,0,0,サーメット製ドリルによる城門・防壁の破砕を主任務とする無人型魔導アーマー。文字通り先兵として運用される他、攻城兵器対策として拠点防衛にも用いられる。装甲を強化した重装型、機動性を増した強襲型などが存在。
172,魔導ガンシップ,0,0,0,0,1,0,0,ガレマール帝国軍の小型戦闘飛空艇。対地制圧任務に用いられるほか、補助クローアームを活かした作業にも利用される。数名程度なら兵員を輸送することも可能で、工兵隊から輸送隊に至るまで、さまざまな部隊に配備されている。
173,バニー,0,0,0,0,1,0,0,「ゴールドソーサーへようこそ。
あなたも、ステキな夢の世界を楽しんでね！」
マンダヴィル・ゴールドソーサー：バニー
174,ラーヴァスコーピオン,0,0,0,0,1,0,0,霊峰「ソーム・アル」中心部にあるマグマ溜まりに棲息していた大型溶岩生物。ドラゴン族の魔力により封じられていたが、守り手不在の状況で目覚め、暴れ出したらしい。この存在により、霊峰の火山活動が活発化していた。
175,魔導プレデター,0,0,0,0,1,0,0,ガレマール帝国軍が開発した最新鋭の騎乗型魔導アーマー。「リーパー」を原形としながらも、近接戦闘能力を増すために格闘アームを追加している。また、生産性を向上するため、装甲形状が簡略化されているのも特徴のひとつ。
176,魔導スカイアーマー,0,0,0,0,1,0,0,ガレマール帝国軍の単座式スカイアーマー。これまで飛行型魔導アーマーは、「ジャガーノート」など大型のものが多かったが、「リーパー」の技術を応用することで大幅に小型化することに成功。小回りの利く機体として完成した。
177,鉄仮面,0,0,0,0,1,0,0,「この化け物の「眼」が、人に扱えぬというのなら、
喜んで「鬼」にでもなってみせよう！」
鉄仮面：イルベルド
178,ローランド,0,0,0,0,1,0,0,「……そう、ここは全ての者が「自由」を手にして、
一時の娯楽に心をひたし、明日への活力を得るための場所」
マンダヴィル・ゴールドソーサー副支配人：ローランド
179,ディアボロス・ホロー,0,0,0,0,1,0,0,影の女王「スカアハ」の力を吸収し、さらなる力を得た妖異ディアボロス。硬質化させた影で、全身をよろっているほか、影の手を翼状に展開して飛翔能力を強化している。その力は、妖異十二階位の第一位にも匹敵するだろう。
180,アームドウェポン,0,0,0,0,1,0,0,ガレマール帝国軍の大型装甲魔導アーマー。多脚方式を採用することで安定性を増し、より多くの武装を搭載することが可能になった。また、操縦席を密閉型にすることで、搭乗員の安全性が向上しているのも特徴と言える。
181,ギギ,0,0,0,0,1,0,0,「こんな魔法人形のままでも……
父上は、ボクを息子にしてくれるの？」
魔法人形：ギギ
182,ズルワーン,0,0,0,0,1,0,0,「三闘神」の一柱。南方大陸メラシディアの人馬種族が崇めていた存在で、すべての神々の頂点に君臨する永劫の神と考えられていた。それゆえ、「勝利」の象徴ともされ、鬼の形相で悪を倒す、荒々しい神格として召喚されている。
183,ナマズオ,0,0,0,0,1,0,0,東方地域に棲まう獣人種族。ずんぐりとしているが泳ぎに長け、主に刺突漁によって魚を捕らえて生活している。他種族の街に寄り添って暮らす、文明化された者もいるが、未だ野生の者も少なくない。
184,コウジン,0,0,0,0,1,0,0,紅玉海に古来より棲まう海洋民。水中での活動に長け、豊かな海の恵みを糧として暮らしてきた。物に宿る八百万の神を信じており、その依り代となる名品や逸品の類いを集めることに余念がない。
185,アナンタ,0,0,0,0,1,0,0,ギラバニア辺境地帯に棲まう先住民。その上半身は人に、下半身は蛇に似ており、女性のみで構成されるという特徴がある。また、魔法によって金属を成形し、美しい装飾具を造り出す技を継承してきた。
186,メ・ナーゴ,0,0,0,0,1,0,0,「了解です！
どんなことがあっても必ず！」
アラミゴ解放軍：メ・ナーゴ
187,コトカゼ,0,0,0,0,1,0,0,「美味い酒と肴を用意してるから、
いつでも来とくれ」
「潮風亭」女将：コトカゼ
188,マンモス,0,0,0,0,1,0,0,寒冷地や冷涼な山間部などに棲息する大型草食動物。基本的には温厚だが、不用意に近づくと興奮状態に陥り、大きな牙を振り回して暴れ始める。そのため、大型肉食獣も、滅多なことでは狩りの対象としないようだ。
189,フォーバッド,0,0,0,0,1,0,0,ロッホ・セル湖など塩が豊富な場所に自然発生するゴーレムの一種。ギラバニア地方には、振り返らず街を出るようにとの壊神の啓示を受けながらも、振り返ってしまった女の成れの果てだという逸話が伝わる。
190,スサノオ,0,0,0,0,1,0,0,コウジン族が呼び降ろした豪の神。三種の神器に宿っていた八百万の神の一柱であり、海の神としての顔も併せ持つ。戦をも祭りと愉しみ、挑む者には容赦なく、神剣「アメノムラクモ」を振り下ろす。
191,ラクシュミ,0,0,0,0,1,0,0,アナンタ族が呼び降ろした美の神。美に加え、豊穣と癒しの力を持つとされ、神話によればアナンタ族にも、その力の一部を分け与えたとされる。心優しき存在であり、「魅惑の抱擁」によって信徒たちの心を癒やす。
192,グリーンワート,0,0,0,0,1,0,0,「ブワッハッハッハッ！
オラにも、ツキが回ってきたぞお！」
第XII軍団：グリーンワート
193,ラショウ,0,0,0,0,1,0,0,「…………正すべきところはいろいろあるが、
俺たちとて、行儀の悪いクソガキの集まりだ」
海賊衆の頭領：ラショウ
194,シリナ,0,0,0,0,1,0,0,「私たちモル族は、神様からの言葉……
「神託」を受けて、日々を暮しています」
モル族の乙女：シリナ
195,マグナイ,0,0,0,0,1,0,0,「余輩らオロニル族は、太陽神アジムの子。
神の子とは、契約ごときで成れるものではない」
オロニル族の長兄：マグナイ
196,サドゥ,0,0,0,0,1,0,0,「そうだ、ドタール族はもっとも勇敢な戦士。
死ですら、オレたちにとっては恐れるものじゃない」
ドタール族の族長：サドゥ
197,神龍,0,0,0,0,1,0,0,信仰に寄らない破壊の神。イルベルドが帝国軍を滅ぼすため、同胞の犠牲と竜の眼を用いて召喚した。その姿がドラゴン状を成しているのは、バハムートを超える者として召喚されたことに由来するものと推測される。
198,ヨツユ,0,0,0,0,1,0,0,「あたしの腹は底なしの沼……
満足にはまだ、ほど遠い……」
ドマ代理総督：ヨツユ
199,クルル・バルデシオン,0,0,0,0,1,0,0,「……あらあら？
そんな頼み方でいいのかな？」
暁の血盟：クルル・バルデシオン
200,リセ,0,0,0,0,1,0,0,「もちろん！
全力でやらせてもらうわ！」
暁の血盟：リセ
201,ゼノス・イェー・ガルヴァス,0,0,0,0,1,0,0,「せいぜい愉しませろ……。
そうでなければ、すぐに潰す」
第XII軍団軍団長：ゼノス・イェー・ガルヴァス
202,ヒエン,0,0,0,0,1,0,0,「 ……して、どうする。
この首と刀、どちらを求めにきた？」
ドマ国主：ヒエン
203,モスモス,0,0,0,0,1,0,0,湿潤な土地を好む草木綱の魔物。二本足が生えた苔玉のような姿をしており、充分な水分がある時には活発に動く。乾燥の危険を察知すると、複数の個体が身を寄せ合い、水分の蒸発を防ぐという奇妙な習性がある。
204,チャプリ,0,0,0,0,1,0,0,ギラバニアなどに棲息する百蟲綱の魔物。頭部に備えた刃状の角で、植物の枝や葉を斬り落として食す。基本的には草食だが、興奮すると人や獣をも襲う獰猛さを秘める。大きく発達した後脚による跳躍力も、かなりのもの。
205,キキルン・ミートイーター,0,0,0,0,1,0,0,ギラバニアに棲まうキキルン族は、非常に獰猛で人さえ襲って食すことがある。ガレマール帝国は、キキルン族を人と認めておらず、野生生物として扱っているため、現地民の脅威となりながらも長らく放置されてきた。
206,直言のフロドリック,0,0,0,0,1,0,0,アラミゴ最後の王、テオドリックの従兄弟であり、王位継承権5位の大物貴族であった人物。正義感が強く、暴走する王を諫めようと進言を繰り返したが、反逆罪に問われ幽閉。呪術により怪物に変えられてしまったのだった。
207,フォルドラ・レム・ルプス,0,0,0,0,1,0,0,「私は……ガレマール帝国人だッ！」
髑髏連隊千人隊長：フォルドラ・レム・ルプス
208,人馬王ロフォカレ,0,0,0,0,1,0,0,ラバナスタの地下深くにて、冒険者たちを待ち受けていた異形の存在。「聖石」により変異した古の将軍の成れの果てと思われるが、詳細は定かでない。その姿は二輪戦車を駆る老将のようにも見える。
209,冷血剣アルガス,0,0,0,0,1,0,0,「聖石」を手にした貴族風の青年が、変異を遂げた姿。真実を語る仮面と、偽りに満ちた仮面を使い分け、神の如く尊大に振る舞う。王都「ルザリア」の遺跡に封じられていたようだが、何らかの原因で目覚めてしまったようだ。
210,ラウバーン＆ピピン,0,0,0,0,1,0,0,「フッ……腕を上げたなピピン！」
「ご冗談を……私に斬らせるつもりで、
隙を見せて誘い込んだのでしょう？」
不滅隊局長ラウバーン／同少闘将ピピン
211,コジャ,0,0,0,0,1,0,0,泥で練り上げた身体に仮初めの命を宿した、東方式のゴーレム。主に陰陽師や風水士たちが式神として使役する。その顔は、考案者でもある古の宦官（かんがん）を模したものとも伝えられているが、詳細は定かでない。
212,アンゴ,0,0,0,0,1,0,0,東方に棲息するオロボンの近縁種。ブヨブヨとしているうえ、大口を開けたその顔が愚鈍に見えることから、「暗愚魚（あんぐうお）」と名付けられ、これが次第に鈍って「アンゴ」と呼ばれるようになった。
213,誘導システム,0,0,0,0,1,0,0,魔大陸の施設を案内するための誘導システム。そのオペレーティングシステムには、軍用規格と民生用規格を統合した、初の汎用規格「システム2000」が採用されたが、2の16乗を上回る不具合を内包しているという。
214,タンスイ,0,0,0,0,1,0,0,「こちとら海賊衆だ、煙たがるのはまあわかる。
だが、帆別銭をいただかねぇことには、
この先の航海の安全は、約束できねぇぞ？」
海賊衆の副頭領：タンスイ
215,玄武,0,0,0,0,1,0,0,「ほっほっほ。
さすがは、豪神スサノオを討ったつわものじゃ」
四聖獣：玄武
216,白虎,0,0,0,0,1,0,0,「我が魂、貴様らに預けるぞッ！」
四聖獣：白虎
217,アレンヴァルド・レンティヌス,0,0,0,0,1,0,0,「アバとオリ……俺を助けるために、
命を散らせた「暁」の仲間のためにも、
しっかり戦ってみせる」
暁の血盟：アレンヴァルド・レンティヌス
218,人狼族,0,0,0,0,1,0,0,東州オサード大陸にルーツを持つ狼頭の獣人種族。武の民として知られ、戦乱期に一部の部族が地方豪族と主従の契りを結んだことで、やがてドマの重要な構成員となった。帝国統治期に徴兵され、連れ去られた者も少なくない。
219,ハンコック,0,0,0,0,1,0,0,「失敬、失敬……
事を素早く正確にというウルダハ人気質……
この国でも嫌われがちな、私の悪癖なのデス……」
東アルデナード商会の番頭：ハンコック
220,ヒスイ＆クレナイ,0,0,0,0,1,0,0,「ためしにお顔を近づけて、よく見てくださいまし。
私はクレナイでしょうか……
それともヒスイでしょうか？」
紅玉姫：クレナイ
クレナイの友：ヒスイ
221,ワニュウドウ＆カタシャリン,0,0,0,0,1,0,0,東方地域で造られる一種の魔法人形。牛車の車輪に、男女の顔を模した面が付いた奇妙な姿をしているのは、当地に伝わる「見る者の魂を奪う怪異」の伝承を再現しているため。不法侵入者を恐れさせる狙いがあるようだ。
222,ハタモト,0,0,0,0,1,0,0,討ち死にした鎧武者の死霊。本来、旗本とはひんがしの国における武士階級のひとつで、戦乱の時代には豪族たちの近衛兵として戦うことが多かった。そのため、戦場で死することも多く、東方地域では鎧姿の亡者が散見されるようだ。
223,ユキンコ,0,0,0,0,1,0,0,コロポックルの近縁種。イネ科の植物の茎を集め、自らに覆いかぶせることで積雪や冷気から身を護る。この行動は「冬囲い」と呼ばれている。ちなみに、東方地域ではこのユキンコの習性を真似て、樹木を守る造園技術が発展した。
224,セイテンタイセイ,0,0,0,0,1,0,0,千年の時を生きたことで、神通力を得た猿の瑞獣。師が創った時を操る神器「風水玉手箱」を、悪しき者の手より守るため、ガンエン廟の周辺で暮らしていた。なお、その名は「天にも等しき大聖者」を意味する一種の称号である。
225,ヒルコ,0,0,0,0,1,0,0,アメノミハシラの30層で戦うことになる存在。霊災規模の災厄に対抗し得る英雄を育てるため、その候補となる人材を試すために立ちはだかる。どうやら、その生成には今や失われた、禁忌の技術が用いられているようだ。
226,しあわせうさぎ,0,0,0,0,1,0,0,幸せを運ぶと噂される奇妙な小動物。いかなる基準かはわからないが、気に入った者を財宝の在り処へと導くらしい。エウレカの調査に参加した者たちの間で、何件かの目撃情報が寄せられているが、その生態には謎が多い。
227,ロウヒ,0,0,0,0,1,0,0,寒冷地パゴス帯にて確認された大型妖異。膨大な魔力を活かして環境エーテルを束ね、氷の刃を作り出して武装している。妖異学者による研究が待たれるが、多数の配下を率いていることからも、下級貴族級以上の存在と思われる。
228,ツクヨミ,0,0,0,0,1,0,0,ドマに降臨した蛮神。帝国軍が紅甲羅のコウジン族から手に入れた神器「白銅鏡」の力によって、召喚が行われた。なお、東方の伝承によれば、ツクヨミは夜と月を統べる神とされているが、一般的には男性の姿で描かれることが多い。
229,鬼龍ヤズマット,0,0,0,0,1,0,0,機工都市ゴーグの遺構にて待ち受けていた異形の存在。その正体は、聖石「ドゥマ」の力によって、ルカヴィへと変異を遂げたバッガモナンである。いかなる願望を反映したのか、鬼龍とでも言うべき恐ろしい姿に成り果てている。
230,ゴウセツ,0,0,0,0,1,0,0,「我が名は、ゴウセツ！
はるか東方「ドマ」国の侍大将なり！」
ドマ国侍大将：ゴウセツ
231,カラクリ・ハンニャ,0,0,0,0,1,0,0,ドマから伝わった人形師の技術を応用し、ひんがしの国で設計された武装カラクリ人形。嫉妬や強い恨みを表す鬼女を表した般若の能面を付けているのが特徴。弩と金棒を備えているほか、自爆機構を有する個体も存在する。
232,ムードスード,0,0,0,0,1,0,0,筋肉質の大型妖異。ガレマール帝国の侵攻時に、破れかぶれとなったアラミゴの宮廷魔術師が戦死したハイランダーやローエンガルデの男性兵士を依り代として召喚したらしい。それゆえに、ギラバニア地方で多く見かけるようだ。
233,トカップチ,0,0,0,0,1,0,0,聖モシャーヌ植物園で確認された個体。その正体は、特殊な泥の影響で異様に活性化したコロポックルである。頭上の葉が枯れ落ちたことで、王冠をかぶっているようにも見えるため、汚泥王という別名でも呼ばれるようになった。
234,ミストドラゴン,0,0,0,0,1,0,0,古代アラグ文明によって拘束され、魔科学による改造を受けたことで今なお永久焦土地帯に縛り付けられているドラゴン族。もはや知性は失われており、防衛本能に従って魔力で霧を操り、すべての生命に襲いかかってくる。
235,朱雀,0,0,0,0,1,0,0,「テンゼン……
どうか私を見守っていてください……」
四聖獣：朱雀
236,パズズ,0,0,0,0,1,0,0,暴風圏アネモス帯で確認された大型妖異。風の魔力を操ることに長けており、当地を調査する冒険者たちの間では「暴風の魔王」と渾名される。しかし、いかなる経緯で物質界に顕現したのかについては、明らかになっていない。
237,ペンテシレイア,0,0,0,0,1,0,0,灼熱地ピューロス帯で確認された大型妖異。火の魔力を自在に操る存在であり、「火焔の女王」と呼ばれる。どうやら火属性の力が強まったピューロス帯にてエーテルを貪り、さらなる進化を遂げようとしていたようだ。
238,アサヒ・サス・ブルトゥス,0,0,0,0,1,0,0,「それとも、感情にまかせて俺を殺しますか？
敵だったこの女のために、全権大使の俺を？」
全権大使：アサヒ・サス・ブルトゥス
239,ヨウジンボウ&ダイゴロウ,0,0,0,0,1,0,0,「カゲヤマも、もはやすかんぴん……
これ以上、戦う義理もなし……しからば御免……！」
ヨウジンボウ＆ダイゴロウ
240,オメガ,0,0,0,0,1,0,0,異星から飛来した自己進化型自律兵器。強敵との戦いで蓄積した戦闘データを基に、自己を強化、兵装を拡充する機能を有している。落着したこの兵器を研究することで、古代アラグ帝国は飛躍的に技術力を高めたという。
241,タタル・タル（紅蓮）,0,0,0,0,1,0,0,「情報収集なら、
このタタルにお任せくださいでっす！
イシュガルドでの経験、
ここで活かさずにおれまっせん！」
暁の血盟受付：タタル・タル
242,ドゥエルグ,0,0,0,0,1,0,0,妖異十二階位の第四位に位置する高位妖異。鍛冶や彫金に関する深遠な知識を有するとされ、異界ヴォイドにおける職人のような存在らしい。妖異たちが持つ武具の中には、ドゥエルグが製作した物が少なくないという。
243,エジカ・ツンジカ,0,0,0,0,1,0,0,「これだから、エオルゼアの野蛮人は……っ！
いいからあの島へ俺を連れて行け！」
バルデシオン委員会：エジカ・ツンジカ
244,プロメテウス,0,0,0,0,1,0,0,ガレマール帝国軍が開発した魔導兵器。本来は城壁を破壊するための攻城兵器として設計されたものだが、その採掘能力を活かして、ギムリトダークでは塹壕の構築作業や敵兵の迎撃任務にも用いられていた。
245,プロヴェナンス・ウォッチャー,0,0,0,0,1,0,0,帯水圏ヒュダトス帯で確認された水晶の龍。高位のドラゴン族に似た姿をしているが、生物種としてはルミナーレのような環境エーテルが結集して生じた魔法生物の一種と思われる。その形状は、おそらく擬態によるものだろう。
246,青龍,0,0,0,0,1,0,0,「僕は誓いを立てた。
いつかテンゼンよりも強くなって、
彼が守りたかったものを守れる存在になると」
四聖獣：青龍
247,アルファ,0,0,0,0,1,0,0,「クエェ……クエッ！」
ガーロンド・アイアンワークス社新入社員
248,ナマキン大王,0,0,0,0,1,0,0,黄金色のナマズオ族。金色のナマキン人形が縁起物として、近東地域で人気だと知った彼は、働かずに生きていくためにラザハンへと渡航。錬金薬で全身を金色に変色させると「招福の神」を自称し、見事、宝物殿の守り神の地位を確立したのだった。
249,ギルガメッシュ（紅蓮）,0,0,0,0,1,0,0,「再戦のためには、力と業物が必要だろう？
だから、諸国を漫遊しながら、修行と武器集めをしていたんだ」
ギルガメッシュ
250,聖天使アルテマ,0,0,0,0,1,0,0,究極の破壊魔法を行使することから、「アルテマ」と名付けられた存在。純粋な破壊の化身であったが、いつしか人々が抱く「恐怖」は「畏敬」の念へと代わり、その感情が自我を与えた。この現象は、人々の願いが蛮神を生み出す構造にほぼ等しい。
251,アルフィノ＆アリゼー（紅蓮）,0,0,0,0,1,0,0,「ですが、人と人とを結びつけ、絆を編むことならば、この私にも、できるかもしれないと思うのです」
「……わかったわよ。
留めても無駄なんだろうし、行ってくればいい」
アルフィノ・ルヴェユール／アリゼー・ルヴェユール
252,ノクティス・ルシス・チェラム,0,0,0,0,1,0,0,「いろいろケリついたら、
生まれとか関係ねー国にしようぜ」
伝説の英雄：ノクティス・ルシス・チェラム
253,アマロ,0,0,0,0,1,0,0,ノルヴラントにおける主要な騎乗用飛行獣。元はキャマに近い獣だったが、古代ロンカ帝国の魔道士の手によって魔法的に品種改良が加えられた。その技法が失われた今でも、古の血が表に出た個体は、高い知性を発揮するという。
254,イビルウェポン,0,0,0,0,1,0,0,ずんぐりとした身体の頭上に、ふわふわと剣が漂う奇妙な魔物。実は「剣に魔法を込めた魔法生物」であり、本体は剣である。特にナバスアレン王国で、この種の使い魔が好んで利用されたため、今も荒野を彷徨う主なき個体が多い。
255,チャイ夫妻,0,0,0,0,1,0,0,「私の旦那様は、アム・アレーンの
鉱山開発も担った、タロース操業の大家……
ダイダロス社の跡取りなんだから～！」
ユールモア市民：ドゥリア・チャイ＆チャイ・ヌズ
256,ギガテンダー,0,0,0,0,1,0,0,主にアム・アレーンなどの砂漠地帯に棲息する草木綱の魔物。一般的なサボテンダーよりも大きく、複数に枝分かれしながら成長するのが特徴。ちなみに、その果実はとても甘く美味だが、種が多いため食すのは大変らしい。
257,フェオ＝ウル,0,0,0,0,1,0,0,「だから今より、私はあなたの『美しい枝』。
あなたは私の『かわいい若木』。
ふたつのあいだに、継ぎ目はないのよ！」
美しい枝：フェオ＝ウル
258,ルナル,0,0,0,0,1,0,0,「ああ、もちろんだとも！
マトーヤの姐さんの客なら、
オイラたちにとっても、大事なお客様だ」
夜の民の導師：ルナル
259,グレノルト,0,0,0,0,1,0,0,「うおおおぉぉぉ……！
製作意欲が、閃きが、とめどなく溢れてくる！
いける、いけるぞ、今なら……ッ！」
孤高の職人：グレノルト
260,フィリア,0,0,0,0,1,0,0,レイクランドを支配していた大罪喰い。元は「責苦の監獄」に収監されていたエルフ族の囚人であり、四肢の鉄鎖は、その名残りだと囁かれている。強い絆で結ばれた郷村を襲い、人々を喰らったことから、「フィリア（隣人愛）」と呼ばれる。
261,ティターニア,0,0,0,0,1,0,0,イル・メグの妖精たちを束ねる妖精王。かつて、妖精たちを守らんと大罪喰いと戦い、倒すことに成功するも、強烈な光の力を浴びて大罪喰いと化してしまった過去を持つ。以後、長らくリェー・ギア城に幽閉されていた。
262,エロース,0,0,0,0,1,0,0,ラケティカ大森林を支配していた大罪喰い。キメラ生物を思わせる奇妙な姿は、「光の氾濫」に巻き込まれた複数の獣が結合したものと推測される。その無節操な交わりから、「エロース（性愛）」と呼ばれる。
263,ストルゲー,0,0,0,0,1,0,0,アム・アレーンを支配していた大罪喰い。おそらく、スプライトなどの妖精綱の存在が罪喰い化したものと思われる。マリカの大井戸を根城にしていたため、亡き王に捧げられた女王の愛を喰らった者として「ストルゲー（家族愛）」と呼ばれる。
264,フォーミダブル,0,0,0,0,1,0,0,コグー一家に属すドワーフ族たちが、あらん限りの技術力を込めて造り上げた超大型オートマトン。トルー一家よりも凄いモノが造れることを示すため、ただひたすらに大型化させた結果、制御不能の暴走マシンが生まれてしまったようだ。
265,ライナ,0,0,0,0,1,0,0,「……勝利と闇は、我らとともに」
クリスタリウム衛兵団団長：ライナ
266,ユールモアの道化,0,0,0,0,1,0,0,「キミを、ユールモアにお迎えするよ！
幸せの街で、これからずぅ～っと、腕を振るっておくれ！」
ユールモアの道化
267,イノセンス,0,0,0,0,1,0,0,ユールモアの元首、ドン・ヴァウスリーが変異した大罪喰い。生前に埋め込まれた罪喰いの因子を覚醒させたことで、以前とは似ても似つかない姿に様変わりしている。その力は、既存の大罪喰いを大きく凌駕するものであった。
268,ヤ・シュトラ（漆黒）,0,0,0,0,1,0,0,「逃げる？　そんな必要ないわ……。
あの人が戻るまで、この地は私が制する！」
魔女マトーヤ：ヤ・シュトラ
269,ウリエンジェ（漆黒）,0,0,0,0,1,0,0,「運命に抗うか、それとも受け入れるか、
いずれにせよ退路はありません」
暁の血盟：ウリエンジェ
270,ランジート,0,0,0,0,1,0,0,「格別な理由も、妖術も不要。
我はただ、ヴァウスリーの掲げた理想を善しとしたのみ」
ユールモア軍将軍：ランジート
271,ハーデス,0,0,0,0,1,0,0,その存在は、アシエン・エメトセルクの正体と見るべきか、あるいは彼が数多の古代人の想いを背負った結果、生まれた異形の存在と見るべきか。いずれにせよ、死滅した同胞の復活という大願を成就させるべく、彼は戦い続けてきたのだ。
272,アルバート,0,0,0,0,1,0,0,「世界はまだ 終わらせない。
冒険は どこまでだって続いていく――！」
光の戦士にして闇の戦士：アルバート
